AB_generator_losses,BA_generator_losses,A_discriminator_losses,B_discriminator_losses,AB_cycle_losses,BA_cycle_losses,AB_identity_losses,BA_identity_losses
0.4979482916566618,0.3911895539998535,0.21968980190852305,0.13866633558544764,0.2539366840747371,0.12769743976368805,0.8228126048098285,0.7669855645360005
0.5088139047579114,0.3607076774251417,0.17084329864449754,0.08950269036328319,0.2178659882375648,0.10725026495158116,0.7283191347366382,0.7329302266989342
0.5757938807984567,0.3986683260188454,0.12824670200541807,0.06221247909048015,0.20724218698076247,0.10017285227872696,0.5231769071610947,0.6121650769390874
0.5949300153760215,0.4358383296211368,0.10313324821041632,0.055630407982500005,0.200027054359571,0.09657687160708496,0.4011993633801711,0.5266415802571138
0.5985725616387593,0.3894473124851259,0.1184496887570555,0.057110176872729984,0.1901861933689544,0.09157208555501156,0.33050599556894944,0.4841244676370639
0.6382510471530606,0.4218001668968349,0.1194498366775621,0.0553096098264748,0.19596903102413452,0.0920163274844987,0.28394249173183017,0.44992238075040575
0.586425103282719,0.4318447044208566,0.11490362223509593,0.06331252859759247,0.18359302400543706,0.08689828164653518,0.2576740637033123,0.4406479249952892
0.6277573981011907,0.4164384813217515,0.11534327723473822,0.05992782184591783,0.18432675773066293,0.08627504119354698,0.24335836545604125,0.4175880401494117
0.5789534001118196,0.4323203418821009,0.11510906791811144,0.06770957197647783,0.17546454034537576,0.0854629959141076,0.24920434470061265,0.4229388639497357
0.5591228920446095,0.4270122664431526,0.12109439541808815,0.07026793778470429,0.17150454970295206,0.08310085248888871,0.2484122635293717,0.4273274162267395
0.5567751470424263,0.4034266840171801,0.11783439608318325,0.0694259981851475,0.17609641644097795,0.0818437636939174,0.2664412085792428,0.4452251597711716
0.5914708571040264,0.4453802184981863,0.1127719569877886,0.06668012584664862,0.1735802448703257,0.08324415712605197,0.2567292888071284,0.4161917655772115
0.5903059632790117,0.4521244594832335,0.11337779705827007,0.06798822935888893,0.17215404173210125,0.08230865052320216,0.2499719545439413,0.41121386156679307
0.5702303503804755,0.4456634040897551,0.11216966967422838,0.07078411387109668,0.1691014010258005,0.08109975751191101,0.25790548953097625,0.4334336502314502
0.5807189735839988,0.4601254688944512,0.11141089235416568,0.0689859575246895,0.1671821664900864,0.0810873843174518,0.25450761034890484,0.4353253259089406
0.5724515705722778,0.4713710143187674,0.11234560955204832,0.07296660955540282,0.16446376172912408,0.08113400950972373,0.257289235957064,0.4424215500803189
0.5731383941552101,0.5167029348718114,0.10219311613468776,0.07275496682853218,0.16722258043022795,0.08154516009131735,0.25289375199008474,0.4313628465020457
0.60410760864429,0.5081416326309398,0.10065834399996053,0.07202470375630322,0.16789375313555951,0.082400634753027,0.2536757314782347,0.4326146921937248
0.5595092796348773,0.4814685957556811,0.10782929786407904,0.07472023664055252,0.16088751641759438,0.07950454372808588,0.2671178340412385,0.4347937278990639
0.5909370910958929,0.4978046281918692,0.1030501002135322,0.07107161926802592,0.16450764363010725,0.08024743435560991,0.2552490384219079,0.4384323665577384
0.586672813405948,0.53009606912223,0.10127296647770964,0.07568243820945605,0.16272853413385166,0.08161786230527268,0.261810496463345,0.4262378496886188
0.5933622166451962,0.4995622179697825,0.1040760156232918,0.07009368454171744,0.1605162446975042,0.08243412649331812,0.26753925845665194,0.4164068339673501
0.5852948338247739,0.4965938067487944,0.09992151224968757,0.06628614047175294,0.15786219781587246,0.07874475007103253,0.2623484693536989,0.4147835148141149
0.5716392215821733,0.5185690583871199,0.09933092608084047,0.07092323043570083,0.15885409417959342,0.08056296622883563,0.2586589041174679,0.41276890375205705
0.6235911028322658,0.5497030258452731,0.09039411214801388,0.06696633649732459,0.1599785524873094,0.08180868935041144,0.23901661615853426,0.3994910437440295
0.5910033389797618,0.5372273145964129,0.09692445809070208,0.06768956124855732,0.15486953790460886,0.07972141075705905,0.25742432598572645,0.4409238475217056
0.6035132892360456,0.4936302015323212,0.09338876687538084,0.0668651057145881,0.156174639278062,0.07939389716396784,0.2504018477027199,0.4244822717134735
0.5963747310113974,0.5294757992917155,0.09585013542220548,0.06672303777290929,0.15722751859540826,0.07800421378535376,0.25912228599884435,0.4104580416775949
0.6357812188874438,0.5369615799878523,0.0966764815901359,0.06752223611840585,0.15562322180808366,0.07981464667401833,0.2821488179668812,0.4346866853243812
0.6811442866494786,0.5638605834963061,0.08888441703004847,0.06107984200268255,0.15641246008334658,0.08594613357185207,0.2539409600212144,0.3988166747951197
