AB_generator_losses,BA_generator_losses,A_discriminator_losses,B_discriminator_losses,AB_cycle_losses,BA_cycle_losses,AB_identity_losses,BA_identity_losses
0.3979956250569704,0.3827402897257565,0.20976883135762173,0.20040984525678693,0.2825979761283534,0.3107315983829257,0.3306387184989039,0.2755055692057355
0.34063347368138985,0.3596745990214149,0.17498258341026546,0.17925715157965105,0.2587039040256686,0.2693850033425123,0.3241889490182979,0.25738954895299065
0.3699257771066735,0.3478326922836361,0.16077814987963138,0.16097345408710112,0.23582570411216014,0.24329304169329286,0.3082669275099693,0.2343633595536329
0.4253000860145769,0.3494904299217491,0.1500012689422581,0.14736231316784934,0.22183269846768947,0.2320656924392424,0.2869154329096589,0.22672811860695216
0.41094330640222093,0.3569113530580885,0.14352451531255125,0.14685250884350765,0.2125782809641837,0.22467608419583016,0.279994965353745,0.22051754723728093
0.4495910660172404,0.3805294703071007,0.14396226132592324,0.13445198841861275,0.20940998411670173,0.21938882737430104,0.2669777157101099,0.2135941013833464
0.4403288414352655,0.380995424290213,0.1457733667130398,0.137794412877892,0.20383071676664746,0.2153201829694428,0.2638943714719011,0.2136831649045801
0.4821207234333182,0.3839312096086722,0.14688054185656674,0.13134684510577088,0.2003343241549365,0.21251577804355606,0.2570960095192409,0.2061254988235073
0.4360384518606468,0.3688933661583176,0.1453251707845862,0.13455045373870486,0.19482465687486314,0.207535462748982,0.2529137906982392,0.21080038925561265
0.4698436367636402,0.3959446276352266,0.14383098867059124,0.1319089288579838,0.19241233810349506,0.2069160989586058,0.2520093813245277,0.2099918690427174
0.46907274651226794,0.377584654795964,0.14664810835388198,0.12603831280763494,0.19056295264850964,0.2042259035776906,0.25079411196312057,0.20529478013990302
0.4851764731333681,0.3877971884354021,0.14085278779654714,0.12395667364450315,0.18698985165206766,0.19867196023436276,0.2492640189679851,0.20932167751719824
0.4930672231027538,0.3925057766451756,0.14575626442651635,0.11894189925571555,0.1849952408137898,0.19798306964386705,0.24748489936602486,0.2095508569573954
0.4829791847747579,0.4119075947795097,0.13648223168961876,0.12420212511352878,0.1839988128104943,0.19702285488381385,0.2479453006132585,0.20691195082865596
0.4950053554349591,0.4118349951710344,0.13728219213327714,0.11733501229134402,0.1824688292627817,0.19615302641981652,0.2451811621581827,0.2085296395387511
0.5030950842390339,0.4169793013825222,0.13257316865923033,0.1168618428524077,0.18121727593697,0.19571086258087186,0.24592598941746224,0.2040013840950977
0.4899454545185077,0.4314466213021679,0.11935607809428847,0.11866145745169178,0.18020528105228106,0.19373347893734344,0.24380599535589698,0.2065086483452626
0.5179453043423472,0.4276373156992078,0.12718518850132396,0.10618255633517336,0.17886860135178087,0.19241534128799095,0.24172069591792145,0.20494008166217986
0.5175309135237919,0.4391957589846375,0.12716998366115845,0.11100062366419958,0.17788044382811932,0.19087165279179505,0.243735045802124,0.20597928907676846
0.5185691584950145,0.4380424921718232,0.1239590207171346,0.10651000439149387,0.17614240091793315,0.18733200485335405,0.2365943471977056,0.19915258785275064
0.5380756865260335,0.4723693055098475,0.10867678131339194,0.10505585069108044,0.17474791868445802,0.19096697408150826,0.2463872164571632,0.19885453714482004
0.5348678118555398,0.4338440699204491,0.1211595079136195,0.10292224362413392,0.17502676553835686,0.18637604765670812,0.2419626011243465,0.202337072758945
0.5341020603591972,0.4832210324289447,0.11540459879735067,0.10260322027937477,0.17335460918074808,0.19076505584787184,0.2438058820819341,0.20106725493880667
0.5434246304974238,0.4555105794463111,0.11665555849999935,0.09869312207875876,0.17134587993913425,0.1883635486300682,0.2425937250102918,0.19805895779438967
0.5391300840525004,0.4642950484730509,0.11769925086293588,0.10010218583348043,0.17036988955574162,0.18597789777699428,0.24729892722529126,0.20108429864118785
0.5166024375129089,0.4631453565325727,0.11975549716474496,0.09514831602768148,0.16857673895336694,0.1828055078305144,0.24650051271597026,0.19703742359688936
0.5622300014494208,0.44837507266742793,0.11848768644250646,0.09417897680243917,0.16886965936048073,0.1820089731159452,0.2541930796028636,0.20331586256357925
0.5739315459766576,0.45415056946776,0.10790562691279744,0.087809832840608,0.1716487484215126,0.18284487063038987,0.2510959837505386,0.2034472838644682
0.5785465767165653,0.4958038409321103,0.10319109977470213,0.09146870189393724,0.16838977281300954,0.18391679170093694,0.2368698007834773,0.2009027706146687
0.5952258716436014,0.4773483659917835,0.11074963768147347,0.08464470784340633,0.1688317751691737,0.18465859690836467,0.2451133863073481,0.19857326837740105
0.5968877160086286,0.5191522014236571,0.09835642035153712,0.08251324258965842,0.1679083800821407,0.1825790936520084,0.2487292153151547,0.19590813144273364
0.5878023240941891,0.4963385342675302,0.10621848771906917,0.0836489982380773,0.16693850922299638,0.18068783159080576,0.2544650497244917,0.1973047672640864
0.5935810240860173,0.494014709316189,0.10643313952332203,0.07972279565059036,0.16748734369469,0.17859606700403846,0.24411696073404515,0.19898798432630585
0.6101646753356006,0.491768380755944,0.09568906303455564,0.07893034552225399,0.16745700849169531,0.18906045871269175,0.2423503899138557,0.19974033352975654
0.5883579824740397,0.5055540546966625,0.0969600972992172,0.07871642948461859,0.16361915172123975,0.17770872315376188,0.2553722925393405,0.1962977606443568
0.5907326823876404,0.5028954419450912,0.09955209969048293,0.08540965869061816,0.16372042175839746,0.1776236050326688,0.2481373083736702,0.19508931961786893
0.6238760380203126,0.5214404473072503,0.0922219673723378,0.07490604452057224,0.1654727747899523,0.17964737932874206,0.2473626182377059,0.19778846504538555
0.638488155177811,0.5315437262081698,0.09230533612648943,0.06603875260702828,0.16350800244464087,0.17655802296078305,0.24905846042396199,0.19882659494681346
0.6157918846096769,0.5286115954381372,0.08890336735022117,0.07245252892968553,0.1622637870329613,0.17409283493932656,0.248018050630906,0.188919438752708
0.6380670516063975,0.5414441979365298,0.08976587880388524,0.07466609128721505,0.16279353485586714,0.17599100416356867,0.24655181989283234,0.1965778300568336
0.6306105679094848,0.5427466556147621,0.08497701109664763,0.07098050143431738,0.16240703853610086,0.17517167744562798,0.25475075732717584,0.19538282911662425
0.6665646161400951,0.5486990675747926,0.08865527560866343,0.06494163617389688,0.16312300649863487,0.1776645309601639,0.2446954090919803,0.19568971666003795
0.6223147854517932,0.5236986829468833,0.08915579256480198,0.06997451051283725,0.16060310623834595,0.17424554015390206,0.24016591892582076,0.19761502373380532
0.6403902732782876,0.5418120848035463,0.08426878301821403,0.07011643089295122,0.1582748064144594,0.17381224812697113,0.2500858256050439,0.1880833523831528
0.6285394731173229,0.5565320575943283,0.08647433338738676,0.06894292702323726,0.15804851939858067,0.17464532762514506,0.250824908976423,0.20247292819571694
0.6383573383515336,0.5623751314192283,0.08057387090411282,0.06565672057033546,0.15567374156112412,0.17069244236033326,0.2434935400361979,0.1902934996849371
0.6638932195147316,0.5474508094376358,0.0839963002207063,0.05973847320573575,0.15970538920376384,0.17258855502881396,0.2474910250001682,0.19137960146578428
0.7100391447006864,0.5402274862356875,0.07633590216550609,0.05440879362457551,0.1649588154246568,0.17519966086273228,0.2666982303826521,0.19112042096751589
0.7180774809989899,0.5545109509716933,0.08275266672684675,0.05348228346799457,0.16550686418479474,0.17389369600268312,0.2685469834669908,0.1962080822651813
0.6905264990611985,0.5547589897575257,0.07889466643760965,0.054853702991379816,0.16117948521323147,0.17266727525884007,0.24892412870424085,0.1901897632262924
0.6921219043555864,0.6608427367191267,0.07125606991706109,0.05760409857066748,0.1644904788063303,0.17882107402134298,0.2469027772154781,0.2030818885665356
0.7019560259820121,0.6107352555135044,0.06805039440368046,0.05694583413155981,0.16092329126657898,0.17364114437744566,0.2439200573765796,0.19844796116120814
0.6607705062006394,0.5766363644687897,0.06842659595931695,0.060081663176395475,0.15731089840090598,0.17100943305862207,0.2555593488128697,0.19071727487648774
0.7008875944244046,0.6078189173163436,0.07039178990171396,0.048890125552176734,0.1635827196390135,0.175014444896576,0.2616631131839171,0.19419500441224974
0.6874259373569388,0.6072155526997836,0.06839731067750378,0.05409043531265021,0.15942043630229946,0.1708504752567581,0.2642674820171189,0.18686731510918725
0.7304165894174364,0.5821518598714862,0.06884645177718664,0.05262810598468662,0.1584246441540365,0.16937496832937646,0.244284954316558,0.18757484910526115
0.6973010258192254,0.6167471247075794,0.0678643610163496,0.0524625254390052,0.15583206979940176,0.17055022085282773,0.25424034864883505,0.19133868397343573
0.6664372580723825,0.5887804250432016,0.07266962616808685,0.05600718701917132,0.1545784055921332,0.1684395372029656,0.2452292641958234,0.19255793734253734
0.7290281048489712,0.6214315002869671,0.0668895636141262,0.051166355207213535,0.15725988807416788,0.17146539914351036,0.2493124884442403,0.195111485807384
0.7901895640604721,0.6146429606901889,0.06581852627605156,0.040721476065331205,0.16025762216667205,0.17044735730616087,0.24941465158046916,0.18840320754688036
0.7053750873854927,0.6315147368998495,0.06221054308128881,0.05201847052663335,0.15467054817926806,0.16886597458402353,0.2499703988223402,0.1867992504034628
0.7460177070631417,0.5803462431908257,0.08503609622792302,0.04658414241664642,0.15364891581844814,0.16730209670423232,0.2502289290182928,0.1867140245317519
0.7057720492336456,0.6307137346308899,0.05677546875567109,0.05050779636058116,0.15225919811604954,0.1679887334836233,0.24695118498528465,0.19671303427655112
0.7019256009059525,0.6141513389078752,0.06448418994856463,0.04956315940061919,0.15096392052382535,0.1660749160779785,0.2507439132957897,0.18636661257521506
0.7151008894424379,0.6294251468018197,0.059507262153266925,0.05103266659244048,0.14875400710882378,0.1653469798016347,0.2485099898715833,0.18470795934403625
0.7463838340402096,0.6298430717071027,0.058121053523339725,0.04736838925463687,0.15111363999678246,0.16646087033483842,0.24942030948992636,0.19281992661891525
0.6901387767106881,0.6182774516641256,0.04026620399735393,0.027472043026583463,0.13608380089380412,0.15500600029903813,0.24821721420962894,0.1814301444292627
0.7107985968079205,0.6405344121891311,0.031379073822215456,0.024807137302992582,0.13120799011008807,0.15155887626104525,0.2502093658256218,0.17983399032010244
0.7214509299148884,0.6439817348406096,0.03046816372642008,0.022299508060370368,0.1292742032700872,0.14989125380866866,0.24896919133094506,0.1811112930130601
0.7328474423180368,0.6502607447333502,0.030280164833006083,0.02279645321936372,0.12894750104024796,0.14839232267485453,0.2528980646942303,0.1803444447633029
0.7475748579694269,0.672554636738964,0.02785088137264636,0.021554214257772628,0.1283157641223467,0.14797038273517507,0.2495318354642492,0.18025994700254847
0.7546440310280459,0.6656621014865179,0.02677360182599696,0.01937748861887924,0.12754749399177806,0.1464133055735774,0.2513011944145942,0.17922105222605272
0.7558259711912445,0.6980113663065624,0.02692327221989187,0.019807483509107916,0.1273812566374995,0.14625896531617186,0.25376478677585845,0.17460622663252692
0.7618833011070366,0.6940570719742618,0.026449278150695088,0.019260048103605685,0.1263460633541338,0.1466871714804255,0.25386628062370903,0.17757272422872308
0.7758191153197614,0.6889495526867262,0.026331174636484656,0.018407429793205917,0.12612589542957367,0.14752637849109912,0.2587949007176973,0.17888878998822325
0.7756208950040937,0.6913395649993542,0.02483860723109036,0.01804598417419521,0.1251982334920929,0.14747369406009905,0.2525303579915765,0.17603836329383274
0.7877560047591637,0.6889576430257057,0.026940506707418595,0.016918397630350367,0.12589282493587958,0.14716421207369434,0.2545561549771357,0.1805906931764072
0.7872343355651872,0.6866946350276861,0.02480829471733756,0.017616955116067142,0.12603903388658638,0.14623551197077694,0.2626785823993294,0.1796280143515407
0.7867741023226106,0.7191264908743329,0.025181243702177083,0.016905656538099313,0.12515163905883686,0.14663540268178954,0.26049435905406937,0.17975352912610562
0.7786029522789899,0.7047941181267547,0.02237423501927245,0.016652182556774617,0.12506627435634488,0.14622517499196386,0.2625439556799096,0.18059376500120985
0.8057901642818593,0.7020898304369926,0.023534264762286827,0.01539575980257684,0.12501980010297886,0.14690273059593145,0.25577142337492503,0.1814071354582808
0.7952925706702968,0.723379018031333,0.02687975623027513,0.01648706317192892,0.12552330359439484,0.14745761643686692,0.25512785829024104,0.18183500862976268
0.7823132874257339,0.7062825741981276,0.023870750476628816,0.01764722267287801,0.12416171098883842,0.14687422723723215,0.25388661839745263,0.18227498382748905
0.8025952640714886,0.7390371299616734,0.02312271206920121,0.014199389194396431,0.13469668582514724,0.1500340381247928,0.26963565120824384,0.1843595089567188
0.8226236958255696,0.7221412075772504,0.02116023784348629,0.012877411271468691,0.13257267109651708,0.14946258756582606,0.25194184613373083,0.18122436803780434
0.8260184657718941,0.7147239965178079,0.021290127197859013,0.011468578896418457,0.1289047489908106,0.14822651718890656,0.2379584140314493,0.1808586383784834
0.8232844730572043,0.7288178604902681,0.020746272040325562,0.010921605785425451,0.1277586085182434,0.14818083784685251,0.23874421264092946,0.1820645239605676
0.8371563198528451,0.7421195190452256,0.02237487361364424,0.010818482990720442,0.1275551021168918,0.14834192175254046,0.23666461515253465,0.1819438506005072
0.8224569814944781,0.7344897007735509,0.02335524827789381,0.010923397392315928,0.12475988419679356,0.14817984103318566,0.2377159802737142,0.1822100801231041
0.8316684951543137,0.7280720625676724,0.021712758516337145,0.01088334713153181,0.12408723874888693,0.1467974608783255,0.23384071325825664,0.1801988077336868
0.8293836706133791,0.7208655305772378,0.024371119965912142,0.012886296375053707,0.123711675175072,0.14570430018210254,0.23014408624412416,0.1791053893430387
0.8271019076815027,0.7403385990980974,0.02240600067469024,0.012533763852113482,0.12488663084141652,0.14533510024204585,0.24723712660742345,0.17870533341697253
0.8056080355863204,0.7331484118380498,0.02014721365762516,0.01377929850712031,0.12498670678163312,0.14661676243939128,0.26418447571316944,0.18098592800075133
0.8035251415546742,0.740586857038228,0.02229445125235973,0.013647449265258264,0.12535723087909406,0.1476201942328437,0.2720319562868304,0.17825610083095805
0.805912562224389,0.7660535759420851,0.028283087637880937,0.013232823804383363,0.12498723902331968,0.1483341612990146,0.27124627956102804,0.19089468708218205
0.8048456181346979,0.7335755434218924,0.025315680074816296,0.013753775069488166,0.12289558729155105,0.14802258899531415,0.266991829036996,0.18318606337712207
0.8108568155218087,0.7235932908219048,0.023516006887809904,0.013657519095960259,0.1231635942838688,0.14579543822568047,0.2684857298837383,0.18105210924578696
0.8060873874795694,0.7273500386447469,0.021879075942984428,0.012665335863602474,0.12241536080697595,0.1455017722821895,0.2629750541567579,0.1828823874249789
0.8086268566094946,0.7255405121410463,0.021382874625802985,0.012822381112178614,0.12300355819725164,0.14467050060420364,0.25825378586448233,0.18051129759000412
0.8025092044609556,0.7308557876075891,0.02138897988909276,0.012754598403517923,0.12210079651559864,0.14494172640095945,0.26092326774453045,0.1823502953715043
0.8041083629486598,0.7305986114551558,0.021160834698263447,0.013931801976723569,0.12182342638842054,0.14518409695794007,0.2576540045461145,0.18284702070595066
0.8117823081812013,0.7421840253550535,0.02223351268895,0.013597501023028964,0.1221775414584503,0.1445357533906706,0.2530388775671769,0.18106576144667352
0.8291473540336927,0.7504856418591297,0.02370299107619293,0.016126384002178647,0.1234846794183498,0.1450537847007617,0.2580829980628672,0.18352671008078764
0.7998518604285938,0.7297126186877182,0.0228485397801976,0.015706647260204116,0.1233280226064544,0.14433305067793165,0.2793336406056861,0.18108857057171665
0.7918119843361415,0.7359067052183804,0.021166125935510236,0.014896687186510488,0.12201861883561635,0.14430886818813518,0.2684601201015091,0.18090181584071088
0.8032179014528591,0.7348353267833241,0.021372743426809605,0.013507247434082778,0.12114027066412884,0.14384466512329466,0.2552151930044495,0.1799035021981125
0.8087431133463769,0.7459703068255038,0.02054337209999697,0.013800109160329057,0.1209565255347545,0.14358519767642355,0.2571620403700827,0.18091911194111104
0.8170697607218717,0.7788038542520364,0.028030906211392755,0.016097561972958342,0.1235080537505818,0.1487967479195456,0.2451833095384069,0.19148746220134866
0.820620638444922,0.7605883861981828,0.032640638260296215,0.01722645413266755,0.1234703911913536,0.1500483424155759,0.2483330382542177,0.21138352272297134
0.8131162379820323,0.7456403141867478,0.027083277967653262,0.016219407446499457,0.1234891617805073,0.14791462548782364,0.2496081260299169,0.1965425628068968
0.8314106436175728,0.7500463644393494,0.022298719910429542,0.016915623639155986,0.12323386814260215,0.1469439854103489,0.2410519623111204,0.19022132595259114
0.8121685629680878,0.7412875491458898,0.022463358030766836,0.018204421255314532,0.12430697148133353,0.14626336448948968,0.2756243493921196,0.1839429381903132
0.8052752223686291,0.7437603241138181,0.020768603401809586,0.02245571926064765,0.12862802818487376,0.1459724464032174,0.31411536067249396,0.18377347494411825
0.7917974080398135,0.7502692544164229,0.02004533264161457,0.01848018295200684,0.12427363166936448,0.1453586053609457,0.3006403388659755,0.1828923463583998
0.7880682064448994,0.7417013869597293,0.019206862728948528,0.017177082229035457,0.12437159097434874,0.14485011850296053,0.2970110918722537,0.18368833246025507
0.794183516960448,0.7561980669701781,0.019171055502429684,0.015163318282604225,0.12627623931285706,0.14604556481611428,0.28969861319133244,0.1832552762682905
0.7833684048534222,0.7418686543515384,0.01925952140000882,0.014792847405846134,0.12341323957168394,0.14420172636726244,0.2817096010115846,0.18086731570730055
0.7873884505944042,0.7559570372802918,0.02033868568270092,0.013835473003787386,0.12265470864525327,0.14333569523097198,0.2751058159568875,0.18092401393435215
0.7862624426868996,0.7265700421801435,0.017656549303660604,0.012181288790630846,0.11912964502281415,0.14150259243682264,0.27295949120832136,0.18078128950916506
0.7932275023098403,0.7413936867374288,0.01697863128418286,0.01161284410861044,0.11769550383063042,0.14234060417396396,0.2714565560193741,0.1813144950997416
